[gd_scene load_steps=7 format=3 uid="uid://bgvnqixhkpgra"]

[ext_resource type="PackedScene" uid="uid://cytve7ikjdrnc" path="res://scenes/graveyard/headstone_4.tscn" id="4_sqvje"]
[ext_resource type="PackedScene" uid="uid://bx0enav7xwb6t" path="res://scenes/graveyard/headstone_7.tscn" id="5_qiomk"]
[ext_resource type="PackedScene" uid="uid://bs3mj2xqror26" path="res://scenes/graveyard/headstone_1.tscn" id="6_0i68j"]
[ext_resource type="PackedScene" uid="uid://bt1tq5km7xjcm" path="res://scenes/graveyard/headstone_2.tscn" id="6_vahuu"]
[ext_resource type="PackedScene" uid="uid://qvj7c0v73iro" path="res://scenes/graveyard/headstone_5.tscn" id="7_q0r61"]
[ext_resource type="PackedScene" uid="uid://cehkr5wurwefe" path="res://scenes/graveyard/headstone_6.tscn" id="8_03ih4"]

[node name="headstone_1" type="StaticBody3D"]
transform = Transform3D(0.002, 0, 0, 0, 0.002, 0, 0, 0, 0.002, 0, 0, 0.687554)
collision_layer = 2
collision_mask = 5

[node name="headstone_1" parent="." instance=ExtResource("4_sqvje")]
transform = Transform3D(0.883913, 0, 0.467652, 0.110552, 0.971656, -0.208954, -0.454397, 0.236397, 0.858859, 404.143, -76.6452, 1118.1)

[node name="headstone_2" parent="." instance=ExtResource("5_qiomk")]
transform = Transform3D(0.98435, 0.176226, 0, -0.176226, 0.98435, 0, 0, 0, 1, 274.034, -88.1481, 541.854)

[node name="headstone_3" parent="." instance=ExtResource("6_0i68j")]
transform = Transform3D(0.812758, 0.355776, -0.461354, -0.309404, 0.934571, 0.17563, 0.493653, 0, 0.869659, -24.4076, 0.000119209, 864.87)

[node name="headstone_4" parent="." instance=ExtResource("7_q0r61")]
transform = Transform3D(0.707489, 0, -0.706724, 0, 1, 0, 0.706724, 0, 0.707489, -740.658, 0, 178.839)

[node name="headstone_5" parent="." instance=ExtResource("8_03ih4")]
transform = Transform3D(0.748391, -0.430133, 0.504872, 0.35658, 0.902766, 0.240552, -0.559251, 0, 0.828999, 154.684, 150.802, 828.012)

[node name="headstone_6" parent="." instance=ExtResource("6_vahuu")]
transform = Transform3D(1, 0, 0, 0, 0.885937, 0.463806, 0, -0.463806, 0.885937, 126.272, 309.97, 172.51)

[node name="headstone_7" parent="." instance=ExtResource("6_0i68j")]
transform = Transform3D(1, 0, 0, 0, 0.991588, -0.129436, 0, 0.129436, 0.991588, 55.8088, 2.07908, 738.383)
